Electron	XCH-BLYP-UW12	fB-LYP-osUW12	CAM-B3LYP	B3LYP3	HF	HF+osW12	HF+UW12
11.0	0.00000000	0.00000000	0.00000000	0.00000000	0.00000000	0.00000000	0.00000000
10.9	-0.05762312	-0.02856064	-0.03805117	-0.08936169	0.00098306	0.00058009	0.00092355
10.8	-0.10260293	-0.05044726	-0.06780835	-0.16060872	0.00173182	0.00102161	0.00162898
10.7	-0.13477271	-0.06569373	-0.08914025	-0.21302927	0.00225272	0.00132852	0.00212147
10.6	-0.15398583	-0.07435707	-0.10193206	-0.24586833	0.00255187	0.00150457	0.00240601
10.5	-0.16013164	-0.07652713	-0.10609519	-0.25835836	0.00263512	0.00155331	0.00248736
10.4	-0.15316026	-0.07234248	-0.10158207	-0.24976660	0.00250807	0.00147812	0.00237009
10.3	-0.13312420	-0.06201885	-0.08841077	-0.21948813	0.00217604	0.00128221	0.00205859
10.2	-0.10025935	-0.04590771	-0.06671238	-0.16720774	0.00164412	0.00096863	0.00155707
10.1	-0.05519038	-0.02465000	-0.03684940	-0.09322670	0.00091722	0.00054031	0.00086958
10.0	0.00000000	0.00000000	0.00000000	0.00000000	0.00000000	0.00000000	0.00000000
9.9	-0.17832369	-0.06518323	-0.18969840	-0.35744559	0.25426330	0.02953503	0.06402357
9.8	-0.31887702	-0.11446235	-0.33985056	-0.63800183	0.43662737	0.05627688	0.11437000
9.7	-0.42073307	-0.14831515	-0.44916922	-0.84032651	0.55407797	0.07885245	0.15083801
9.6	-0.48312562	-0.16725509	-0.51657975	-0.96331396	0.61277093	0.09579532	0.17320826
9.5	-0.50542216	-0.17182196	-0.54118735	-1.00607441	0.61817321	0.10561461	0.18125888
9.4	-0.48710243	-0.16257911	-0.52225094	-0.96792411	0.57516464	0.10685197	0.17477708
9.3	-0.42773916	-0.14011720	-0.45915882	-0.84838453	0.48811534	0.09812461	0.15356763
9.2	-0.32697716	-0.10506401	-0.35139917	-0.64719108	0.36094734	0.07815461	0.11745893
9.1	-0.18450363	-0.05810170	-0.19851293	-0.36431359	0.19718537	0.04578713	0.06630735
9.0	0.00000000	0.00000000	0.00000000	0.00000000	0.00000000	0.00000000	0.00000000